2 0.1359375 0.48125 0.209375 0.88125
2 0.3140625 0.50859375 0.2234375 0.8484375
2 0.53359375 0.503125 0.225 0.9078125
2 0.6734375 0.51875 0.196875 0.909375
2 0.86875 0.50546875 0.2625 0.9203125
0 0.26171875 0.4578125 0.046875 0.2921875
0 0.3703125 0.42421875 0.08125 0.096875
0 0.5453125 0.39609375 0.0875 0.0671875
0 0.92265625 0.496875 0.0765625 0.090625
1 0.1640625 0.13125 0.109375 0.1484375
1 0.3359375 0.1734375 0.1140625 0.140625
1 0.52578125 0.11875 0.125 0.1671875
1 0.70078125 0.184375 0.0984375 0.1625
1 0.86640625 0.1203125 0.13125 0.1171875