2 0.13515625 0.49375 0.1796875 0.875
2 0.31484375 0.51484375 0.19453125 0.8421875
2 0.53359375 0.50234375 0.19375 0.9015625
2 0.67421875 0.5125 0.16484375 0.9046875
2 0.86953125 0.49296875 0.23046875 0.9125
0 0.26015625 0.46640625 0.03671875 0.290625
0 0.36796875 0.42890625 0.07734375 0.09375
0 0.54140625 0.39453125 0.0859375 0.0640625
0 0.92265625 0.48203125 0.07421875 0.0875
1 0.1515625 0.14296875 0.10390625 0.14453125
1 0.325 0.1796875 0.109375 0.1375
1 0.5125 0.11796875 0.11875 0.1625
1 0.68984375 0.17734375 0.09296875 0.15859375
1 0.853125 0.1078125 0.128125 0.1125