2 0.14453125 0.44453125 0.2890625 0.8890625
2 0.31484375 0.4890625 0.309375 0.8609375
2 0.5328125 0.50703125 0.3171875 0.9203125
2 0.67109375 0.53671875 0.2890625 0.91875
2 0.84453125 0.53828125 0.3109375 0.9234375
0 0.2671875 0.43359375 0.0765625 0.2921875
0 0.37890625 0.4109375 0.0890625 0.103125
0 0.55546875 0.4015625 0.09375 0.075
0 0.92109375 0.54140625 0.0859375 0.096875
1 0.2046875 0.09765625 0.1234375 0.1578125
1 0.37109375 0.15859375 0.128125 0.1515625
1 0.565625 0.1234375 0.140625 0.178125
1 0.7328125 0.20703125 0.1140625 0.1703125
1 0.90390625 0.1609375 0.1421875 0.1296875