2 0.09375 0.54375 0.1109375 0.85
2 0.16875 0.54921875 0.06875 0.73203125
2 0.2265625 0.61171875 0.06640625 0.76484375
2 0.6671875 0.6234375 0.10234375 0.6765625
2 0.76875 0.6109375 0.09140625 0.74453125
2 0.86484375 0.61796875 0.16796875 0.66015625
1 0.103125 0.2609375 0.1109375 0.21484375
1 0.16640625 0.31171875 0.0890625 0.196875
1 0.2265625 0.321875 0.09765625 0.16640625
1 0.6703125 0.37890625 0.09296875 0.159375
1 0.765625 0.36015625 0.08125 0.14140625
1 0.87421875 0.39140625 0.1015625 0.15703125