2 0.15 0.1875 0.0921875 0.165625
2 0.05625 0.61640625 0.1125 0.2703125
2 0.23671875 0.471875 0.2296875 0.3140625
2 0.4234375 0.44140625 0.14375 0.2015625
2 0.496875 0.65078125 0.175 0.275
2 0.6828125 0.88046875 0.1046875 0.171875
2 0.7984375 0.77421875 0.1796875 0.2796875
2 0.92890625 0.7515625 0.096875 0.2125
2 0.93828125 0.20625 0.1234375 0.24375
2 0.7703125 0.12734375 0.04375 0.0921875
2 0.8203125 0.14609375 0.08125 0.15625
2 0.6265625 0.08359375 0.25 0.1671875
2 0.5921875 0.215625 0.140625 0.1671875
2 0.475 0.17734375 0.1109375 0.196875
2 0.1171875 0.0671875 0.075 0.134375
2 0.0578125 0.27109375 0.071875 0.1671875