2 0.09453125 0.840625 0.1890625 0.284375
2 0.14140625 0.53359375 0.0796875 0.2390625
2 0.09609375 0.17890625 0.10625 0.240625
2 0.23203125 0.51875 0.1578125 0.25
2 0.3203125 0.36328125 0.0828125 0.125
2 0.328125 0.234375 0.034375 0.1328125
2 0.3953125 0.22421875 0.06875 0.1359375
2 0.3609375 0.5453125 0.06875 0.1796875
2 0.41328125 0.42421875 0.046875 0.1484375
2 0.61640625 0.4734375 0.0484375 0.175
2 0.58359375 0.80546875 0.053125 0.1703125
2 0.709375 0.7421875 0.0515625 0.225
2 0.80625 0.58828125 0.04375 0.2015625
2 0.7984375 0.425 0.0328125 0.15
2 0.934375 0.26328125 0.0609375 0.1984375
2 0.96953125 0.6421875 0.059375 0.2828125
2 0.865625 0.10234375 0.0578125 0.146875
2 0.9140625 0.109375 0.0171875 0.1640625
2 0.65078125 0.18359375 0.0796875 0.2
2 0.70625 0.08671875 0.0359375 0.1546875
2 0.759375 0.109375 0.0609375 0.1921875
2 0.5109375 0.2421875 0.0765625 0.19375
2 0.5453125 0.1859375 0.059375 0.196875
2 0.59296875 0.11171875 0.0625 0.171875
2 0.484375 0.12421875 0.096875 0.1375
2 0.23828125 0.0640625 0.1453125 0.128125