2 0.09140625 0.36484375 0.059375 0.34296875
2 0.2109375 0.65859375 0.140625 0.55859375
2 0.32421875 0.4953125 0.11015625 0.38984375
2 0.634375 0.74375 0.1125 0.5125
2 0.1859375 0.20703125 0.06484375 0.20703125
2 0.22890625 0.21171875 0.05703125 0.2625
2 0.575 0.21875 0.05546875 0.33125
2 0.440625 0.11875 0.06484375 0.19609375
2 0.62890625 0.24140625 0.05390625 0.2109375
0 0.12109375 0.34296875 0.03984375 0.07578125
0 0.14140625 0.30078125 0.0328125 0.06484375
1 0.09453125 0.24375 0.03984375 0.07890625
1 0.2078125 0.43359375 0.065625 0.11640625
1 0.3 0.371875 0.075 0.13046875
1 0.63828125 0.5625 0.0953125 0.13125
1 0.4390625 0.059375 0.05078125 0.04765625
1 0.57109375 0.13359375 0.0375 0.0734375