2 0.06328125 0.696875 0.08515625 0.253125
2 0.38671875 0.77734375 0.05703125 0.25625
2 0.55078125 0.60859375 0.0375 0.17578125
2 0.65390625 0.69140625 0.05625 0.24296875
2 0.54296875 0.95546875 0.0921875 0.0890625
2 0.47578125 0.4796875 0.07578125 0.221875
2 0.57890625 0.45390625 0.08671875 0.2125
2 0.51640625 0.35625 0.03046875 0.13359375
2 0.60546875 0.29453125 0.04296875 0.128125
2 0.6265625 0.23125 0.07734375 0.17265625
2 0.46796875 0.1515625 0.26796875 0.2703125
2 0.50625 0.15703125 0.04765625 0.15703125
2 0.38125 0.25859375 0.084375 0.1421875
2 0.3796875 0.18515625 0.03515625 0.1578125
2 0.16171875 0.08203125 0.0609375 0.09765625
2 0.075 0.1671875 0.10390625 0.1984375
2 0.86015625 0.35390625 0.0375 0.16640625
2 0.94765625 0.38984375 0.046875 0.2078125
2 0.95 0.90625 0.05625 0.1875
2 0.92109375 0.15859375 0.0484375 0.18125
2 0.73515625 0.08046875 0.01484375 0.10703125