2 0.140625 0.2640625 0.146875 0.346875
2 0.1796875 0.578125 0.2796875 0.5765625
2 0.33125 0.45 0.2078125 0.4046875
2 0.565625 0.75390625 0.240625 0.4921875
2 0.27265625 0.1359375 0.115625 0.2171875
2 0.3125 0.1515625 0.1234375 0.26875
2 0.6453125 0.24765625 0.1390625 0.334375
2 0.54140625 0.11640625 0.1140625 0.20625
2 0.69140625 0.28359375 0.10625 0.2171875
0 0.175 0.25 0.0578125 0.0828125
0 0.20546875 0.21484375 0.0484375 0.071875
1 0.175 0.14765625 0.059375 0.0859375
1 0.23515625 0.36015625 0.09375 0.1296875
1 0.33984375 0.32421875 0.10625 0.1453125
1 0.6171875 0.59609375 0.1265625 0.1515625
1 0.55546875 0.05859375 0.0609375 0.059375
1 0.66328125 0.16484375 0.0546875 0.08125