2 0.11484375 0.2328125 0.0734375 0.1625
2 0.0578125 0.67265625 0.115625 0.2640625
2 0.2359375 0.5046875 0.1984375 0.2984375
2 0.4171875 0.4515625 0.125 0.1921875
2 0.515625 0.65 0.146875 0.265625
2 0.728125 0.85546875 0.0859375 0.1671875
2 0.8296875 0.7359375 0.15 0.26875
2 0.95625 0.696875 0.0734375 0.2109375
2 0.92421875 0.14921875 0.1515625 0.2265625
2 0.72265625 0.096875 0.034375 0.090625
2 0.775 0.109375 0.0640625 0.153125
2 0.575 0.07109375 0.240625 0.1421875
2 0.55703125 0.20703125 0.125 0.15625
2 0.4359375 0.1828125 0.090625 0.1921875
2 0.06640625 0.11484375 0.0609375 0.1359375
2 0.03359375 0.3265625 0.053125 0.1671875