2 0.11328125 0.8625 0.1765625 0.275
2 0.14375 0.55234375 0.06796875 0.23515625
2 0.0796875 0.20078125 0.09453125 0.2359375
2 0.23359375 0.5328125 0.14609375 0.2421875
2 0.31328125 0.37265625 0.0765625 0.121875
2 0.31484375 0.24375 0.02734375 0.13203125
2 0.38125 0.2296875 0.0625 0.1328125
2 0.36328125 0.55234375 0.059375 0.1765625
2 0.409375 0.42890625 0.03984375 0.14609375
2 0.61484375 0.4671875 0.0390625 0.17265625
2 0.59921875 0.80078125 0.04453125 0.16796875
2 0.721875 0.73125 0.03984375 0.22265625
2 0.81015625 0.571875 0.03359375 0.20078125
2 0.79375 0.409375 0.025 0.1484375
2 0.92109375 0.240625 0.05 0.19609375
2 0.9765625 0.6171875 0.0453125 0.28125
2 0.84453125 0.08359375 0.05078125 0.14453125
2 0.89296875 0.08828125 0.009375 0.1640625
2 0.634375 0.17578125 0.06953125 0.19609375
2 0.684375 0.0765625 0.028125 0.153125
2 0.73828125 0.09609375 0.05078125 0.1890625
2 0.49765625 0.2421875 0.0671875 0.18984375
2 0.52890625 0.184375 0.05 0.19453125
2 0.57265625 0.10703125 0.053125 0.16875
2 0.46484375 0.12578125 0.090625 0.13359375
2 0.215625 0.06953125 0.13828125 0.1390625