2 0.07421875 0.8390625 0.1484375 0.2875
2 0.15390625 0.4765625 0.13046875 0.26015625
2 0.0703125 0.18203125 0.0640625 0.1609375
2 0.125 0.1171875 0.071875 0.1609375
2 0.2125 0.096875 0.08046875 0.16328125
2 0.3171875 0.26875 0.07578125 0.26484375
2 0.3984375 0.29765625 0.06640625 0.18046875
2 0.50625 0.2203125 0.0484375 0.109375
2 0.51015625 0.23984375 0.0015625 0.01875
2 0.4484375 0.51328125 0.146875 0.25
2 0.38984375 0.71875 0.12265625 0.2453125
2 0.62265625 0.5484375 0.08828125 0.2828125
2 0.78671875 0.53046875 0.0890625 0.17421875
2 0.796875 0.746875 0.075 0.2078125
2 0.63515625 0.934375 0.0734375 0.13125
2 0.76953125 0.359375 0.0640625 0.16875
2 0.72578125 0.1140625 0.03125 0.1625
2 0.62734375 0.1796875 0.06640625 0.1765625
2 0.57734375 0.07421875 0.05 0.09453125
2 0.68515625 0.059375 0.0484375 0.11875
2 0.853125 0.06953125 0.065625 0.12421875
2 0.9015625 0.15625 0.07109375 0.253125
2 0.9546875 0.18828125 0.05703125 0.15546875