2 0.0921875 0.85625 0.1625 0.2875
2 0.153125 0.49453125 0.14375 0.2671875
2 0.05390625 0.2046875 0.071875 0.1640625
2 0.10546875 0.1375 0.0796875 0.1640625
2 0.19140625 0.1125 0.0890625 0.1671875
2 0.30546875 0.27890625 0.0890625 0.26875
2 0.38828125 0.303125 0.075 0.184375
2 0.49140625 0.2203125 0.0546875 0.1125
2 0.496875 0.23984375 0.003125 0.01875
2 0.44921875 0.515625 0.159375 0.2578125
2 0.4015625 0.72421875 0.1359375 0.2515625
2 0.625 0.5421875 0.103125 0.2875
2 0.78828125 0.515625 0.0984375 0.178125
2 0.809375 0.73125 0.0859375 0.2109375
2 0.6578125 0.9265625 0.0796875 0.134375
2 0.76171875 0.3453125 0.0734375 0.171875
2 0.70546875 0.103125 0.0390625 0.1640625
2 0.61015625 0.1734375 0.075 0.1796875
2 0.5546875 0.07109375 0.0546875 0.096875
2 0.66171875 0.05546875 0.0546875 0.1109375
2 0.8296875 0.0578125 0.071875 0.115625
2 0.8828125 0.1359375 0.084375 0.25625
2 0.9375 0.16484375 0.065625 0.1578125