2 0.0890625 0.27421875 0.0578125 0.15703125
2 0.07109375 0.71875 0.1046875 0.25390625
2 0.2375 0.53203125 0.1703125 0.2828125
2 0.4125 0.46015625 0.10625 0.18203125
2 0.53125 0.64765625 0.12109375 0.2546875
2 0.7640625 0.8296875 0.06953125 0.1609375
2 0.85234375 0.7 0.12421875 0.2578125
2 0.97421875 0.6484375 0.0515625 0.20625
2 0.90390625 0.10546875 0.1671875 0.2109375
2 0.6796875 0.07578125 0.025 0.08828125
2 0.7328125 0.0828125 0.0484375 0.1484375
2 0.5296875 0.0625 0.228125 0.125
2 0.52578125 0.20234375 0.1109375 0.14609375
2 0.403125 0.19140625 0.07109375 0.1859375
2 0.02890625 0.1625 0.046875 0.13203125
2 0.01796875 0.3765625 0.0359375 0.1640625