2 0.08671875 0.37890625 0.071875 0.3453125
2 0.21640625 0.66875 0.159375 0.5625
2 0.32421875 0.5015625 0.1234375 0.39375
2 0.64296875 0.7390625 0.1296875 0.515625
2 0.17578125 0.21796875 0.071875 0.209375
2 0.21875 0.22109375 0.065625 0.2640625
2 0.56484375 0.21640625 0.0671875 0.3328125
2 0.42734375 0.12109375 0.071875 0.1984375
2 0.61953125 0.23671875 0.0609375 0.2125
0 0.115625 0.35625 0.0421875 0.0765625
0 0.134375 0.31328125 0.034375 0.065625
1 0.0859375 0.2578125 0.0421875 0.0796875
1 0.20546875 0.44375 0.0703125 0.11875
1 0.2953125 0.37890625 0.0796875 0.1328125
1 0.640625 0.5578125 0.1 0.134375
1 0.4234375 0.06171875 0.053125 0.05
1 0.55859375 0.13125 0.040625 0.075