2 0.09140625 0.82734375 0.1828125 0.2890625
2 0.140625 0.52109375 0.0875 0.240625
2 0.10703125 0.165625 0.1140625 0.24375
2 0.23203125 0.509375 0.1671875 0.2546875
2 0.325 0.35703125 0.0875 0.128125
2 0.3375 0.22890625 0.0390625 0.134375
2 0.40546875 0.2203125 0.0734375 0.1375
2 0.359375 0.53984375 0.075 0.18125
2 0.415625 0.42109375 0.053125 0.1484375
2 0.6171875 0.47734375 0.0546875 0.175
2 0.57265625 0.80859375 0.059375 0.171875
2 0.70078125 0.75 0.059375 0.225
2 0.80234375 0.5984375 0.0515625 0.203125
2 0.80078125 0.43515625 0.0375 0.15
2 0.9421875 0.278125 0.0671875 0.2
2 0.96484375 0.65859375 0.0703125 0.284375
2 0.8796875 0.11484375 0.0625 0.1484375
2 0.92734375 0.12421875 0.0234375 0.1640625
2 0.6625 0.1890625 0.0859375 0.2015625
2 0.7203125 0.09453125 0.040625 0.1546875
2 0.77265625 0.11875 0.0671875 0.1921875
2 0.5203125 0.24296875 0.0828125 0.1953125
2 0.55625 0.18828125 0.0671875 0.1984375
2 0.60625 0.11484375 0.0671875 0.1734375
2 0.49765625 0.12421875 0.1015625 0.140625
2 0.253125 0.06015625 0.15 0.1203125