2 0.05078125 0.66484375 0.1015625 0.2578125
2 0.36796875 0.76875 0.075 0.259375
2 0.54296875 0.61171875 0.05 0.178125
2 0.63984375 0.7015625 0.0734375 0.246875
2 0.51015625 0.9546875 0.0984375 0.090625
2 0.47734375 0.478125 0.090625 0.2265625
2 0.58203125 0.459375 0.1015625 0.21875
2 0.5265625 0.3578125 0.0390625 0.1359375
2 0.61953125 0.30234375 0.0515625 0.13125
2 0.6453125 0.240625 0.0890625 0.178125
2 0.4921875 0.15 0.2859375 0.2890625
2 0.53046875 0.15859375 0.0578125 0.159375
2 0.3984375 0.25078125 0.09375 0.1484375
2 0.4015625 0.17734375 0.0453125 0.159375
2 0.19140625 0.059375 0.0671875 0.1015625
2 0.09921875 0.13828125 0.1171875 0.2046875
2 0.86953125 0.3796875 0.0484375 0.16875
2 0.95390625 0.42109375 0.0609375 0.2109375
2 0.9203125 0.9203125 0.06875 0.159375
2 0.94375 0.1890625 0.0609375 0.184375
2 0.7640625 0.09765625 0.021875 0.1078125